1.000000000 0.000000000 0.000000000 0.000000000 0.000000000 1.000000000 0.000000000 0.000000000 0.000000000 0.000000000 1.000000000 0.000000000
0.999998629 -0.000770380 0.001471607 -0.014710804 0.000768752 0.999999106 0.001106764 -0.011890298 -0.001472458 -0.001105631 0.999998271 -0.038434885
0.999998033 0.000867191 0.001765685 -0.025148585 -0.000867945 0.999999523 0.000426380 -0.012668115 -0.001765314 -0.000427912 0.999998331 -0.055855710
0.999998391 -0.000252605 0.001804915 -0.028083643 0.000252331 1.000000119 0.000152427 -0.013092032 -0.001804954 -0.000151971 0.999998331 -0.059194397
0.999997675 0.000525517 0.002065320 -0.027599195 -0.000527026 0.999999583 0.000730036 -0.010373439 -0.002064936 -0.000731123 0.999997556 -0.052802268
0.999980271 -0.006282428 -0.000445481 0.009329733 0.006283080 0.999979317 0.001475680 -0.016795177 0.000436201 -0.001478450 0.999998808 -0.026599107
0.999989271 -0.004628702 -0.000248014 0.009056996 0.004629126 0.999987721 0.001737433 -0.016772501 0.000239969 -0.001738562 0.999998391 -0.026032787
0.999989510 -0.004545584 -0.000537502 0.008984159 0.004546913 0.999986529 0.002498008 -0.016840123 0.000526140 -0.002500425 0.999996722 -0.026121954
0.999993443 -0.003517879 -0.000765278 0.009231611 0.003519315 0.999991953 0.001882656 -0.016531253 0.000758649 -0.001885337 0.999997914 -0.026148167
0.999996006 -0.002646439 -0.001098817 0.009076945 0.002648398 0.999994874 0.001784295 -0.016386963 0.001094089 -0.001787198 0.999997795 -0.026306298
0.999988258 -0.004585957 -0.001549471 0.009772778 0.004588627 0.999987960 0.001724197 -0.017188225 0.001541546 -0.001731287 0.999997318 -0.025843898
0.999982953 -0.005639228 -0.001423328 0.009422752 0.005641549 0.999982774 0.001632457 -0.017890811 0.001414098 -0.001640459 0.999997675 -0.024367038
0.999995589 -0.002881320 -0.000654789 0.008545296 0.002883144 0.999992013 0.002802151 -0.017264526 0.000646710 -0.002804027 0.999995828 -0.029241955
0.999988377 -0.004549970 -0.001581217 0.008655524 0.004554497 0.999985516 0.002871654 -0.017369229 0.001568128 -0.002878823 0.999994576 -0.029810654
0.999979258 -0.006348271 -0.001107810 0.008668638 0.006351061 0.999976635 0.002532458 -0.017548131 0.001091708 -0.002539441 0.999996185 -0.030212790
0.999989986 -0.004262189 -0.001365569 0.008843532 0.004266313 0.999986291 0.003031116 -0.017272400 0.001352631 -0.003036911 0.999994457 -0.029850801
0.999991059 -0.003974505 -0.001436362 0.008591475 0.003978223 0.999988735 0.002594360 -0.017134199 0.001426034 -0.002600051 0.999995589 -0.031079940
0.999980986 -0.005826070 -0.002009114 0.008603734 0.005834581 0.999973834 0.004256521 -0.017733850 0.001984263 -0.004268162 0.999988914 -0.031565510
0.999985456 -0.005139631 -0.001586035 0.008560395 0.005145558 0.999979675 0.003755885 -0.017444976 0.001566698 -0.003763992 0.999991715 -0.031263899
0.999995112 -0.002882021 -0.001150283 0.008503025 0.002885053 0.999992430 0.002643947 -0.016868420 0.001142654 -0.002647253 0.999995947 -0.032009717
0.999992847 -0.002918296 -0.002366180 0.008409165 0.002926208 0.999990106 0.003347844 -0.016651804 0.002356386 -0.003354744 0.999991596 -0.022703275
0.999995708 -0.002244581 -0.001891045 0.008669186 0.002253285 0.999986827 0.004613584 -0.016408851 0.001880664 -0.004617827 0.999987423 -0.019450968
0.999988616 -0.004162920 -0.002344030 0.010201854 0.004172445 0.999982953 0.004073512 -0.016124029 0.002327032 -0.004083246 0.999988854 -0.015389813
0.999984026 -0.005370934 -0.001731125 0.010251621 0.005378994 0.999974430 0.004685739 -0.016290113 0.001705914 -0.004694976 0.999987483 0.000945799
0.999992549 -0.003646539 -0.001253995 0.005338935 0.003651717 0.999984682 0.004152783 -0.014771460 0.001238833 -0.004157332 0.999990582 0.002057545
0.999977231 -0.006712868 -0.000527546 0.004982458 0.006715321 0.999965906 0.004793540 -0.015431821 0.000495349 -0.004796974 0.999988377 0.007383222
0.999940872 -0.008385410 -0.006908027 0.105701901 0.008428371 0.999945164 0.006213499 -0.004772702 0.006855545 -0.006271356 0.999956727 0.159648210
0.999982476 -0.003355430 -0.004867080 0.051349271 0.003378824 0.999982774 0.004806663 -0.014293140 0.004850867 -0.004823024 0.999976516 0.024329968
0.999953985 -0.005569358 -0.007810844 0.064033963 0.005612875 0.999968708 0.005560486 -0.015319633 0.007779632 -0.005604071 0.999954045 0.039810203
0.999947608 -0.006026598 -0.008277365 0.063177787 0.006081650 0.999959469 0.006641954 -0.015857495 0.008237001 -0.006691945 0.999943674 0.034798935
0.999947429 -0.006144012 -0.008207249 0.061406735 0.006203637 0.999954402 0.007259369 -0.016320076 0.008162273 -0.007309902 0.999939978 0.028291926
0.999941230 -0.008470862 -0.006789637 0.061333466 0.008509864 0.999947250 0.005735829 -0.016411893 0.006740693 -0.005793270 0.999960482 0.027302850
0.999943674 -0.009273815 -0.005176309 0.060528889 0.009308710 0.999933779 0.006758455 -0.016506379 0.005113290 -0.006806259 0.999963760 0.026108602
0.999984920 -0.005356492 -0.001180450 0.009968990 0.005362381 0.999972880 0.005042487 -0.020974152 0.001153409 -0.005048742 0.999986529 -0.023328599
0.999979556 -0.006339088 0.000785867 0.005752548 0.006336699 0.999975324 0.003006717 -0.021592626 -0.000804907 -0.003001677 0.999995112 -0.020330193
0.999996543 -0.002019224 0.001661537 0.007992114 0.002017064 0.999997020 0.001300790 -0.016169120 -0.001664158 -0.001297436 0.999997675 -0.009138505
0.999991834 -0.003780347 0.001386354 0.006984928 0.003781106 0.999992728 -0.000545838 -0.016244017 -0.001384280 0.000551076 0.999998927 0.008509420
0.999980330 -0.002918379 0.005568738 -0.004494458 0.002925937 0.999994814 -0.001349399 -0.008342518 -0.005564770 0.001365667 0.999983609 0.104419023
0.999980211 -0.002076753 0.005917728 -0.001319472 0.002081776 0.999997437 -0.000842612 -0.005690005 -0.005915964 0.000854915 0.999982178 0.155762523
0.999961674 -0.000266492 0.008752869 -0.005042334 0.000272543 0.999999702 -0.000690146 -0.003583666 -0.008752682 0.000692505 0.999961436 0.195299417
0.999979019 -0.003854171 0.005210120 0.019956678 0.003852693 0.999992549 0.000293605 -0.006764158 -0.005211213 -0.000273526 0.999986351 0.277822912
0.999942601 -0.005849373 0.008985076 -0.002013174 0.005879040 0.999977410 -0.003278941 -0.005989297 -0.008965696 0.003331577 0.999954224 0.302260548
0.999920428 -0.007976609 0.009786950 0.031805702 0.007988978 0.999967277 -0.001225198 -0.002121901 -0.009776858 0.001303288 0.999951303 0.425423712
0.999869525 -0.012362155 0.010397371 0.059797417 0.012354716 0.999923348 0.000779431 -0.006498791 -0.010406209 -0.000650873 0.999945641 0.537360430
0.999890208 -0.010228401 0.010722718 0.045568205 0.010222484 0.999947548 0.000606483 -0.009052004 -0.010728359 -0.000496803 0.999942303 0.594557524
0.999845803 -0.010651695 0.013962083 0.065790072 0.010686892 0.999939919 -0.002448758 0.004717657 -0.013935160 0.002597592 0.999899507 0.713095427
0.999844134 -0.010106475 0.014485709 0.072412901 0.010190924 0.999931455 -0.005767765 0.011026192 -0.014426427 0.005914489 0.999878407 0.803214729
0.999843359 -0.008979471 0.015253793 0.069698572 0.009068698 0.999942064 -0.005790281 0.013809782 -0.015200915 0.005927706 0.999866843 0.873686731
0.999831915 -0.008490179 0.016256304 0.074151821 0.008590274 0.999944508 -0.006097437 0.016095646 -0.016203633 0.006236056 0.999849260 0.980477035
0.999866784 -0.007003808 0.014740508 0.069014788 0.007081906 0.999961078 -0.005252677 0.012295918 -0.014703145 0.005356368 0.999877572 1.056749582
0.999801219 -0.009840295 0.017339932 0.065680258 0.009922039 0.999940038 -0.004634525 0.013895128 -0.017293287 0.004805651 0.999839008 1.139932632
0.999593198 -0.013343671 0.025204537 0.047343791 0.013450645 0.999901235 -0.004079482 0.017923623 -0.025147611 0.004416841 0.999673903 1.256976485
0.999715745 -0.006078962 0.023053637 0.050553806 0.006243532 0.999955475 -0.007073313 0.031297721 -0.023009606 0.007215237 0.999709129 1.431680560
0.999611914 -0.014151460 0.023994647 0.094141319 0.014211056 0.999896348 -0.002314971 0.009284800 -0.023959391 0.002655062 0.999709427 1.634651184
0.999558747 -0.019332046 0.022551015 0.136460304 0.019417278 0.999805093 -0.003566689 0.016540263 -0.022477662 0.004002994 0.999739289 1.807567120
0.999552011 -0.015632749 0.025522279 0.146252692 0.015720367 0.999871135 -0.003235954 0.023963939 -0.025468405 0.003635724 0.999669015 1.963364124
0.999358475 -0.021922128 0.028318582 0.178174421 0.022025581 0.999751806 -0.003346364 0.021997198 -0.028238192 0.003967951 0.999593318 2.139104128
0.999426603 -0.019638203 0.027583700 0.193284690 0.019702235 0.999803782 -0.002051497 -0.000047089 -0.027537992 0.002593780 0.999617398 2.286266327
0.999361992 -0.024575256 0.025913408 0.219758183 0.024632344 0.999694765 -0.001886076 0.011335030 -0.025859145 0.002523181 0.999662340 2.458842278
0.999245703 -0.027264867 0.027651140 0.220272273 0.027302194 0.999626756 -0.000973452 -0.010567062 -0.027614277 0.001727654 0.999617159 2.545466423
0.999285758 -0.028401302 0.024930300 0.283740073 0.028543739 0.999578059 -0.005376107 0.050704166 -0.024767090 0.006083870 0.999674737 2.749545813
0.999408722 -0.026132142 0.022341263 0.300393641 0.026299771 0.999627888 -0.007242396 0.048541907 -0.022143696 0.007825683 0.999724209 2.904685497
0.999205828 -0.026062427 0.030138381 0.249883667 0.026134629 0.999656379 -0.002004122 -0.000555432 -0.030075790 0.002790185 0.999543726 2.968983650
0.999362350 -0.021989020 0.028130172 0.290213138 0.022062499 0.999753952 -0.002304229 0.010598863 -0.028072579 0.002923381 0.999601662 3.175494432
0.999396205 -0.022080597 0.026824920 0.329030395 0.022123771 0.999754369 -0.001313560 0.018447353 -0.026789321 0.001906234 0.999639273 3.371795893
0.999405324 -0.022962134 0.025725016 0.360219896 0.023043618 0.999730229 -0.002875191 0.030629313 -0.025652049 0.003466279 0.999664903 3.537678957
0.999379098 -0.025716141 0.024087526 0.387932509 0.025820203 0.999658465 -0.004019016 0.039200105 -0.023975952 0.004638465 0.999701738 3.709411144
0.999251068 -0.028920237 0.025707874 0.402710527 0.029007426 0.999574602 -0.003024765 0.021868944 -0.025609460 0.003768218 0.999664962 3.883925438
0.999289095 -0.029785762 0.023110269 0.428497076 0.029865541 0.999549091 -0.003114620 0.025451254 -0.023007074 0.003802603 0.999728024 4.016376972
0.999456525 -0.020744944 0.025617698 0.403636962 0.020820415 0.999779642 -0.002682606 0.018049881 -0.025556402 0.003214519 0.999668181 4.078083038
0.999274433 -0.027417779 0.026438000 0.410691142 0.027391395 0.999623775 0.001360121 0.010546174 -0.026465356 -0.000634959 0.999649346 4.169548988
0.999313295 -0.026830776 0.025562145 0.444353878 0.026797863 0.999639571 0.001629501 0.024405990 -0.025596654 -0.000943371 0.999671936 4.338841915
0.998826683 -0.038066767 0.029936038 0.414324582 0.038071465 0.999275148 0.000413548 0.017764509 -0.029930077 0.000726646 0.999551773 4.369389534
0.998394966 -0.049093056 0.028242150 0.443391144 0.049167711 0.998788774 -0.001954425 0.022870060 -0.028111992 0.003339888 0.999599159 4.444648743
0.998236358 -0.050939269 0.030485827 0.465422392 0.051053949 0.998691499 -0.002994087 0.028132666 -0.030293418 0.004545228 0.999530911 4.535475254
0.998754203 -0.039961521 0.029889932 0.428733468 0.039976202 0.999200642 0.000106555 -0.010759466 -0.029870301 0.001088464 0.999553204 4.842977524
0.998784244 -0.040802188 0.027664529 0.453475535 0.040885266 0.999160767 -0.002444201 0.008846719 -0.027541585 0.003572300 0.999614239 4.808115959
0.998723865 -0.041268658 0.029109955 0.456535697 0.041343488 0.999143004 -0.001973118 0.013006173 -0.029003585 0.003174108 0.999574244 4.838548660
0.998675287 -0.040431153 0.031830661 0.430316448 0.040529989 0.999175131 -0.002465647 0.011188575 -0.031704724 0.003752477 0.999490201 4.823929787
0.998553097 -0.040292487 0.035615206 0.386599541 0.040428799 0.999177516 -0.003115308 0.007630308 -0.035460394 0.004550681 0.999360621 4.791527748
0.998808920 -0.038600799 0.029848920 0.446178257 0.038751118 0.999238670 -0.004473710 0.024630053 -0.029653518 0.005625060 0.999544382 4.855880260
0.998847485 -0.035334706 0.032489464 0.406095147 0.035490867 0.999360740 -0.004242002 0.019495843 -0.032318823 0.005390190 0.999463022 4.786188126
0.999013424 -0.034870155 0.027500574 0.455254376 0.034984067 0.999381065 -0.003672073 0.023633976 -0.027355509 0.004630532 0.999615014 4.823122501
0.998865902 -0.039544292 0.026516976 0.460106343 0.039618663 0.999211967 -0.002284840 0.011851558 -0.026405726 0.003332815 0.999645770 4.806174278
0.998892605 -0.037554964 0.028345669 0.438981593 0.037637968 0.999288559 -0.002399977 0.008335191 -0.028235376 0.003464191 0.999595284 4.776345253
0.998864830 -0.036828492 0.030215530 0.416413128 0.036937881 0.999312699 -0.003069716 0.007054721 -0.030081714 0.004182328 0.999538720 4.749948502
0.998788595 -0.039746094 0.029009167 0.439059854 0.039819025 0.999204874 -0.001940603 0.006815824 -0.028908983 0.003093370 0.999577224 4.787439346
0.998909831 -0.035477325 0.030339412 0.405999750 0.035571199 0.999363780 -0.002559355 -0.001271550 -0.030229310 0.003635775 0.999536395 4.720397472
0.998796940 -0.038893010 0.029866196 0.436823308 0.038926840 0.999241889 -0.000552138 0.003468510 -0.029822072 0.001714070 0.999553740 4.816403866
0.998869419 -0.037810467 0.028817412 0.434013307 0.037924975 0.999274611 -0.003437418 0.009221831 -0.028666539 0.004526430 0.999578834 4.740863323
0.998823822 -0.038805123 0.029072234 0.439207792 0.038866974 0.999243081 -0.001565168 0.003672946 -0.028989488 0.002693277 0.999576092 4.803189278
0.998755097 -0.039885115 0.029956836 0.437759042 0.039905544 0.999203384 -0.000084738 -0.005180441 -0.029929591 0.001280077 0.999551177 4.805620670
0.998788953 -0.039886862 0.028805984 0.446733475 0.039929096 0.999202013 -0.000892230 -0.006352165 -0.028747404 0.002041345 0.999584675 4.802520752
0.998549402 -0.042677838 0.032828942 0.402074993 0.042715359 0.999087155 -0.000442038 -0.012905139 -0.032780111 0.001843698 0.999460936 4.722852707
0.998661518 -0.039626691 0.033236150 0.425965637 0.039655458 0.999213338 -0.000206658 -0.004871617 -0.033201814 0.001524377 0.999447525 4.790459633
0.998713434 -0.040491503 0.030526098 0.438456774 0.040479377 0.999179780 0.001014991 -0.010822957 -0.030542161 0.000221993 0.999533474 4.782246113
0.998559535 -0.043864422 0.030895794 0.433937073 0.043873571 0.999037027 0.000382318 -0.011084150 -0.030882820 0.000973741 0.999522448 4.793193340
0.998742521 -0.039762981 0.030533124 0.417094111 0.039801225 0.999207377 -0.000645194 -0.008239996 -0.030483272 0.001859638 0.999533474 4.703050137
0.998721004 -0.042198796 0.027849577 0.451680541 0.042234946 0.999107480 -0.000710746 -0.002356326 -0.027794724 0.001886062 0.999611855 4.751663685
0.998526156 -0.044055246 0.031694815 0.418792307 0.044094589 0.999027371 -0.000543507 -0.009295968 -0.031640042 0.001940276 0.999497414 4.690907001
0.998522520 -0.044337124 0.031409863 0.418687880 0.044346515 0.999016106 0.000397657 -0.010039686 -0.031396586 0.000995849 0.999506533 4.685863018
0.998517871 -0.044473328 0.031370897 0.420389920 0.044517018 0.999008477 -0.000695461 -0.010298424 -0.031308852 0.002090969 0.999507606 4.681473255
0.998605609 -0.043032058 0.030571677 0.415048748 0.043048084 0.999073029 0.000133353 -0.016048281 -0.030549075 0.001182885 0.999532580 4.672210217
0.998604178 -0.041810598 0.032266680 0.409890980 0.041837122 0.999124587 -0.000147447 -0.016233634 -0.032232262 0.001497187 0.999479175 4.674463749
0.998590171 -0.042547319 0.031741980 0.411426276 0.042558022 0.999093831 0.000338754 -0.015119727 -0.031727631 0.001012599 0.999496043 4.672626019
0.998820603 -0.038692337 0.029329902 0.433818936 0.038696721 0.999250829 0.000418286 -0.004111932 -0.029324114 0.000717178 0.999569714 4.721872330
0.998740077 -0.039969210 0.030346999 0.434356272 0.040004637 0.999199331 -0.000560823 -0.005009046 -0.030300282 0.001774137 0.999539256 4.717832565
0.998739779 -0.040360808 0.029834908 0.433691025 0.040352561 0.999185145 0.000878777 -0.004918329 -0.029846065 0.000326246 0.999554455 4.716431618
0.998860896 -0.037583001 0.029400725 0.434259355 0.037603874 0.999292731 -0.000157059 -0.005145004 -0.029374024 0.001262461 0.999567807 4.712732792
0.998803556 -0.039350916 0.029031470 0.435595810 0.039351717 0.999225259 0.000544166 -0.004362086 -0.029030390 0.000598924 0.999578357 4.715847015
0.998839974 -0.039581593 0.027419064 0.437686592 0.039589603 0.999215961 0.000251319 -0.005963781 -0.027407508 0.000834483 0.999623895 4.699770927
0.998842716 -0.038899198 0.028283976 0.436196923 0.038975768 0.999237835 -0.002161025 0.003070704 -0.028178353 0.003260915 0.999597609 4.693586349
0.998778403 -0.041159272 0.027341610 0.437274218 0.041199103 0.999150455 -0.000895592 0.002635388 -0.027281513 0.002020948 0.999625921 4.686463833
0.998816431 -0.040060524 0.027583973 0.442029387 0.040070694 0.999196827 0.000184188 -0.000294920 -0.027569197 0.000921339 0.999619484 4.684910774
0.998841166 -0.039060064 0.028116360 0.442260563 0.039089963 0.999235570 -0.000514292 -0.001013061 -0.028074780 0.001612763 0.999604642 4.683281898
0.998771608 -0.040739663 0.028205642 0.442908287 0.040734634 0.999169648 0.000752925 -0.000492655 -0.028212896 0.000396947 0.999601781 4.682666302
0.998784304 -0.040157303 0.028587760 0.439419061 0.040129784 0.999193311 0.001536089 -0.005369599 -0.028626388 -0.000387001 0.999590039 4.676643848
0.998821974 -0.039807290 0.027747795 0.443601102 0.039803248 0.999207318 0.000697856 -0.003926121 -0.027753577 0.000407419 0.999614716 4.667370796
0.998752534 -0.039367806 0.030716756 0.431200564 0.039361309 0.999224663 0.000816735 0.001959963 -0.030725095 0.000393335 0.999527812 4.661852360
0.998791635 -0.039338242 0.029458040 0.433464110 0.039357301 0.999225199 -0.000067274 0.002655989 -0.029432569 0.001226582 0.999566019 4.656311035
0.998808205 -0.039409462 0.028794449 0.439218819 0.039442342 0.999221742 -0.000574965 0.003337526 -0.028749377 0.001710001 0.999585271 4.642256260
0.998876393 -0.037815813 0.028566536 0.425930440 0.037853438 0.999283075 -0.000777418 0.003231707 -0.028516654 0.001857886 0.999591589 4.631681442
0.998957217 -0.036305681 0.027683681 0.430397809 0.036351908 0.999338329 -0.001168101 0.003169328 -0.027622957 0.002173238 0.999615967 4.631721973
0.998865902 -0.038485616 0.028030492 0.433442086 0.038524754 0.999257267 -0.000857578 0.001677296 -0.027976673 0.001936473 0.999606729 4.628508568
0.998854697 -0.039370582 0.027187003 0.433376014 0.039369989 0.999224663 0.000556900 0.001352510 -0.027187848 0.000514091 0.999630213 4.628130913
0.998888671 -0.037758376 0.028205663 0.430752099 0.037792835 0.999285281 -0.000689414 0.002221070 -0.028159471 0.001754621 0.999601841 4.622966290
0.998905361 -0.037254598 0.028286517 0.431105524 0.037260655 0.999305546 0.000313337 0.001849518 -0.028278546 0.000740980 0.999599814 4.624551773
0.998845756 -0.039022695 0.028006099 0.430287510 0.039024860 0.999238074 0.000469370 -0.000433301 -0.028003076 0.000624105 0.999607563 4.618956566
0.998886585 -0.037352037 0.028813757 0.427848876 0.037363447 0.999301732 0.000142559 0.000846103 -0.028798960 0.000934181 0.999584854 4.618040562
0.998920560 -0.036835313 0.028300049 0.423620164 0.036846373 0.999320924 0.000130711 -0.000279148 -0.028285647 0.000912184 0.999599457 4.595182419
0.998935997 -0.036435027 0.028271463 0.424199402 0.036441065 0.999335706 0.000301668 -0.000190124 -0.028263673 0.000728895 0.999600232 4.596190929
0.998906970 -0.036755498 0.028876575 0.420867622 0.036772549 0.999323666 -0.000059640 -0.001172158 -0.028854849 0.001121440 0.999583006 4.587939262
0.998952866 -0.035160013 0.029278418 0.413634568 0.035164960 0.999381602 0.000346046 -0.001616493 -0.029272478 0.000683891 0.999571264 4.572923660
0.998791575 -0.038716137 0.030273732 0.412006140 0.038742479 0.999249220 -0.000284125 -0.002035055 -0.030240003 0.001456661 0.999541640 4.567632198
0.998907030 -0.037043456 0.028504716 0.412017047 0.037077963 0.999312162 -0.000682972 -0.004189148 -0.028459810 0.001739123 0.999593377 4.557058334
0.998906553 -0.037136260 0.028400492 0.415688336 0.037129465 0.999310195 0.000766701 -0.006015167 -0.028409373 0.000288632 0.999596357 4.556436539
0.998888016 -0.037978772 0.027935475 0.419174671 0.037953522 0.999278426 0.001433906 -0.006310924 -0.027969776 -0.000372061 0.999608696 4.554451942
0.998911381 -0.037486210 0.027771315 0.424139887 0.037463482 0.999297082 0.001338789 -0.002202397 -0.027801979 -0.000296921 0.999613345 4.556910038
0.998908877 -0.036658093 0.028931590 0.412617087 0.036670417 0.999327421 0.000104691 0.000199437 -0.028915962 0.000956356 0.999581337 4.541176796
0.999025464 -0.034293398 0.027790779 0.414292336 0.034276787 0.999411821 0.001074119 -0.005737524 -0.027811270 -0.000120494 0.999613166 4.526051521
0.998999178 -0.034439210 0.028542655 0.392980665 0.034413341 0.999406636 0.001397501 -0.013112951 -0.028573846 -0.000413854 0.999591470 4.497273922
0.998977184 -0.037690286 0.024981344 0.435153991 0.037728507 0.999287307 -0.001060329 0.006610521 -0.024923582 0.002001754 0.999687254 4.511338711
0.998954237 -0.037025120 0.026825534 0.402255535 0.037024755 0.999314129 0.000510169 -0.013408677 -0.026826026 0.000483573 0.999639988 4.465102196
0.999036372 -0.033883143 0.027897336 0.401297390 0.033896852 0.999425352 -0.000018585 -0.004270208 -0.027880678 0.000964199 0.999610782 4.495930672
0.999070823 -0.033196852 0.027486248 0.399277627 0.033223189 0.999447823 -0.000501955 -0.003543678 -0.027454404 0.001414669 0.999621987 4.482676029
0.998871267 -0.037427608 0.029247470 0.396756053 0.037444983 0.999298632 -0.000046529 -0.005554517 -0.029225215 0.001141646 0.999572158 4.466285706
0.998974502 -0.034758683 0.029014248 0.393990934 0.034772918 0.999395251 0.000014078 -0.007988896 -0.028997198 0.000994847 0.999579072 4.450088024
0.999020576 -0.033457402 0.028957909 0.389895022 0.033454780 0.999440134 0.000575394 -0.002564883 -0.028960956 0.000393950 0.999580503 4.448938847
0.999141872 -0.032204024 0.026044667 0.424474239 0.032266125 0.999477446 -0.001967601 0.016958475 -0.025967691 0.002806274 0.999658883 4.485514164
0.999087036 -0.034360811 0.025386995 0.427749813 0.034367599 0.999409318 0.000169397 0.001667710 -0.025377827 0.000703247 0.999677658 4.472978115
0.998945773 -0.039394978 0.023566810 0.446158916 0.039426718 0.999222100 -0.000882914 0.003745114 -0.023513706 0.001811145 0.999721944 4.477942467
0.999073684 -0.038037866 0.020122789 0.456307769 0.038027458 0.999276280 0.000899296 -0.000654888 -0.020142430 -0.000133244 0.999797106 4.467180252
0.999094903 -0.037668549 0.019765161 0.466241330 0.037681609 0.999289691 -0.000288620 0.005760598 -0.019740252 0.001033142 0.999804616 4.479644775
0.999145091 -0.031336639 0.026964964 0.391323119 0.031311803 0.999508739 0.001342590 -0.006204386 -0.026993791 -0.000497121 0.999635458 4.420500278
0.999160767 -0.032289051 0.025203515 0.415876567 0.032280862 0.999478459 0.000731871 -0.006180244 -0.025214013 0.000082334 0.999682009 4.436418056
0.999194443 -0.032611765 0.023386057 0.422501534 0.032578029 0.999467492 0.001822351 -0.003847835 -0.023433039 -0.001059011 0.999724865 4.430073738
0.999141097 -0.034773286 0.022532091 0.424113274 0.034742080 0.999394774 0.001775187 -0.004951643 -0.022580180 -0.000990851 0.999744475 4.418375492
0.999141157 -0.034312937 0.023225151 0.425290465 0.034300238 0.999411166 0.000945002 -0.005475999 -0.023243895 -0.000147562 0.999729753 4.402255058
0.999075890 -0.034761343 0.025274426 0.407316506 0.034721281 0.999395132 0.002022150 -0.011293864 -0.025329428 -0.001142721 0.999678493 4.397087097
0.999000013 -0.038050022 0.023477515 0.436661661 0.038004018 0.999274611 0.002403001 -0.006602989 -0.023551922 -0.001508359 0.999721467 4.385137558
0.999113500 -0.031671736 0.027732002 0.380850077 0.031703979 0.999497056 -0.000723333 -0.001787933 -0.027695145 0.001601906 0.999615312 4.380803585
0.999099731 -0.032242734 0.027571306 0.383608043 0.032243617 0.999479890 0.000412713 -0.003057198 -0.027570268 0.000476658 0.999619782 4.358912468
0.999216318 -0.029776171 0.026079988 0.390230983 0.029792592 0.999556065 -0.000241192 0.002498951 -0.026061229 0.001017994 0.999659836 4.376565456
0.999149084 -0.031945892 0.026091691 0.393209040 0.031988733 0.999487460 -0.001226169 0.009359337 -0.026039144 0.002059766 0.999658823 4.385632038
0.999129117 -0.032405309 0.026285546 0.390552759 0.032429397 0.999473929 -0.000490170 0.004305168 -0.026255829 0.001342167 0.999654353 4.362276077
0.999072731 -0.034521367 0.025724631 0.380372107 0.034484081 0.999403536 0.001891701 -0.011920428 -0.025774589 -0.001002857 0.999667227 4.342377186
0.999168336 -0.032542285 0.024567351 0.381465346 0.032574888 0.999468923 -0.000928072 0.002671315 -0.024524100 0.001727579 0.999697745 4.344495773
0.999079108 -0.032410923 0.028117182 0.371324331 0.032403264 0.999474585 0.000728451 -0.007122893 -0.028126020 0.000183308 0.999604404 4.331326962
0.999086797 -0.032864060 0.027303122 0.370263785 0.032847710 0.999459803 0.001047402 -0.007543392 -0.027322795 -0.000149601 0.999626577 4.332560539
0.999045074 -0.033513185 0.028030451 0.370290011 0.033498887 0.999438286 0.000979231 -0.007704451 -0.028047521 -0.000039307 0.999606609 4.340575218
0.999126375 -0.031511620 0.027450856 0.372095495 0.031481631 0.999503195 0.001524122 -0.009256244 -0.027485244 -0.000658593 0.999621987 4.330833912
0.999119461 -0.032194618 0.026904760 0.372096002 0.032169491 0.999481440 0.001366524 -0.010876788 -0.026934808 -0.000499809 0.999637067 4.328619957
0.999199927 -0.030463545 0.025914500 0.371497065 0.030431880 0.999535561 0.001615286 -0.008772731 -0.025951669 -0.000825367 0.999662817 4.314702511
0.999167025 -0.031891059 0.025459342 0.380018026 0.031859659 0.999491096 0.001638145 -0.010521268 -0.025498625 -0.000825655 0.999674618 4.313272953
0.999156594 -0.031793028 0.025990030 0.383501679 0.031782996 0.999494433 0.000799097 -0.001967209 -0.026002299 0.000027618 0.999661922 4.307595253
0.999196768 -0.032476187 0.023473348 0.406222343 0.032479320 0.999472380 0.000248415 -0.000261177 -0.023469031 0.000514183 0.999724507 4.313369751
0.999342263 -0.027862281 0.023212191 0.395050228 0.027885295 0.999611080 -0.000668023 0.012567395 -0.023184555 0.001314862 0.999730408 4.309158325
0.999074996 -0.035548240 0.024197187 0.388539582 0.035594191 0.999365270 -0.001470909 0.003919504 -0.024129540 0.002330828 0.999706149 4.280747414
0.999196947 -0.033080805 0.022612348 0.399692535 0.033101529 0.999451816 -0.000542777 0.004378330 -0.022582002 0.001290844 0.999744177 4.298118591
0.999170423 -0.034519058 0.021607360 0.408858955 0.034510151 0.999404073 0.000785980 0.004103056 -0.021621618 -0.000039654 0.999766231 4.303127766
0.999205291 -0.033501327 0.021600373 0.418765903 0.033502508 0.999438584 0.000307148 0.002996855 -0.021598535 0.000416763 0.999766529 4.295011520
0.999158680 -0.035006020 0.021366745 0.427496970 0.035007950 0.999387085 0.000284365 0.003052958 -0.021363597 0.000463880 0.999771714 4.310988426
0.999244750 -0.030470120 0.024119386 0.368277639 0.030451937 0.999535561 0.001120855 -0.004080727 -0.024142342 -0.000385526 0.999708474 4.257038593
0.999194682 -0.030507427 0.026068304 0.354235590 0.030498948 0.999534488 0.000723382 -0.005598484 -0.026078245 0.000072257 0.999659836 4.232201576
0.999132395 -0.031578422 0.027152987 0.367908597 0.031573027 0.999501169 0.000627653 -0.004158929 -0.027159266 0.000230193 0.999631107 4.256938457
0.999205828 -0.030380631 0.025780169 0.357108057 0.030367943 0.999538362 0.000883535 -0.005649853 -0.025795113 -0.000099942 0.999667227 4.216481209
0.999188066 -0.030905826 0.025847411 0.355554610 0.030901885 0.999522269 0.000551987 -0.007222138 -0.025852120 0.000247194 0.999665737 4.224342823
0.999344826 -0.027174022 0.023907188 0.354712337 0.027211046 0.999629021 -0.001224621 -0.001194605 -0.023865037 0.001874358 0.999713421 4.209316254
0.999247015 -0.030379694 0.024137139 0.353947043 0.030382318 0.999538422 0.000258031 -0.008630366 -0.024133831 0.000475506 0.999708593 4.202921867
0.999297440 -0.028901789 0.023863830 0.358365953 0.028916137 0.999582052 -0.000256576 -0.005765050 -0.023846434 0.000946445 0.999715090 4.183880329
0.999313354 -0.028869700 0.023224546 0.353979021 0.028905164 0.999581456 -0.001192869 -0.001153322 -0.023180384 0.001863360 0.999729514 4.175908089
0.999309599 -0.028903956 0.023342371 0.353920311 0.028925762 0.999581397 -0.000596660 -0.001109008 -0.023315353 0.001271444 0.999727368 4.171654701
0.999343157 -0.027477812 0.023626305 0.354309767 0.027510963 0.999621034 -0.001079205 -0.000758217 -0.023587700 0.001728479 0.999720216 4.171253204
0.999297261 -0.029569050 0.023036188 0.360969365 0.029591268 0.999561906 -0.000624293 -0.002591242 -0.023007637 0.001305525 0.999734402 4.176023006
0.999148726 -0.032763690 0.025066892 0.351393878 0.032797500 0.999461532 -0.000939026 -0.007132045 -0.025022633 0.001760358 0.999685347 4.163929939
0.999273837 -0.029461825 0.024162063 0.343219459 0.029465865 0.999565780 0.000189030 -0.008671714 -0.024157139 0.000523063 0.999707997 4.152526855
0.999275029 -0.029410146 0.024175191 0.345726818 0.029481091 0.999562025 -0.002583337 0.007309152 -0.024088629 0.003294175 0.999704361 4.147868633
0.999180675 -0.033551183 0.022634689 0.358492315 0.033572264 0.999436080 -0.000552002 -0.010499332 -0.022603408 0.001311448 0.999743640 4.137700081
0.999278307 -0.031085681 0.021828944 0.370290399 0.031114334 0.999515355 -0.000974240 0.006828576 -0.021788081 0.001652730 0.999761224 4.166156292
0.999318123 -0.030110711 0.021368124 0.372022420 0.030154774 0.999543726 -0.001742774 0.007058574 -0.021305898 0.002385937 0.999770164 4.163153172
0.999398828 -0.025431998 0.023561323 0.336172223 0.025494559 0.999672115 -0.002358386 0.008001979 -0.023493621 0.002957653 0.999719620 4.132486343
0.999243200 -0.031099135 0.023369845 0.345067471 0.031088341 0.999516308 0.000825100 -0.016569750 -0.023384199 -0.000097945 0.999726534 4.127015114
0.999262691 -0.031558663 0.021863755 0.351777017 0.031560130 0.999501824 0.000277989 -0.015281242 -0.021861633 0.000412238 0.999760866 4.110080719
0.999326885 -0.028890437 0.022612328 0.341834903 0.028922636 0.999580979 -0.001098044 -0.000142334 -0.022571135 0.001751314 0.999743640 4.102904797
0.999371171 -0.027996691 0.021755030 0.338561118 0.028036909 0.999605596 -0.001545949 -0.003833576 -0.021703169 0.002154920 0.999762118 4.103885651
0.999321163 -0.029573664 0.021965370 0.341466606 0.029626809 0.999558806 -0.002098351 -0.004219259 -0.021893624 0.002747691 0.999756455 4.092639446
0.999173701 -0.034564570 0.021377997 0.362229407 0.034594461 0.999400914 -0.001029964 -0.006767266 -0.021329584 0.001768674 0.999770939 4.106563568
0.999324977 -0.029585004 0.021779183 0.345105439 0.029598987 0.999561787 -0.000319525 -0.012169174 -0.021760186 0.000963950 0.999762774 4.093444824
0.999313653 -0.030102463 0.021592457 0.347860485 0.030163735 0.999541819 -0.002517268 0.000060073 -0.021506788 0.003166849 0.999763608 4.100828648
0.999391198 -0.026926618 0.022190429 0.331732810 0.026947595 0.999636710 -0.000646524 -0.003476496 -0.022164958 0.001244110 0.999753594 4.070515633
0.999253094 -0.031925511 0.021779340 0.342144847 0.031958036 0.999488652 -0.001146418 -0.005428635 -0.021731608 0.001841588 0.999762177 4.071943283
0.999385655 -0.028119760 0.020920819 0.341841519 0.028134670 0.999604166 -0.000418751 -0.009379322 -0.020900758 0.001007094 0.999781013 4.056666374
0.999497056 -0.024816383 0.019747334 0.337746203 0.024851924 0.999690056 -0.001556484 -0.002122432 -0.019702585 0.002046460 0.999803841 4.039833546
0.999331653 -0.029192794 0.022001276 0.333136141 0.029159755 0.999573171 0.001820864 -0.020428488 -0.022045039 -0.001178095 0.999756277 4.045248985
0.999407947 -0.025931157 0.022612302 0.319018632 0.025931381 0.999663711 0.000283546 -0.014596251 -0.022612046 0.000302990 0.999744236 4.030665398
0.999375999 -0.028559970 0.020782350 0.324286520 0.028562922 0.999592006 0.000154947 -0.010611544 -0.020778285 0.000438754 0.999784052 4.022318840
0.999448955 -0.024845086 0.022012847 0.320485890 0.024860911 0.999690950 -0.000445544 -0.003115000 -0.021994971 0.000992558 0.999757588 4.034055710
0.999505877 -0.023565084 0.020800687 0.315705955 0.023599671 0.999720454 -0.001418862 -0.002881355 -0.020761438 0.001909051 0.999782622 4.008253574
0.999536335 -0.022000136 0.021047430 0.316426694 0.022031974 0.999756455 -0.001282332 -0.002373672 -0.021014096 0.001745454 0.999777675 3.998092175
0.999485135 -0.024698097 0.020481884 0.324584067 0.024694990 0.999695003 0.000404469 -0.007805370 -0.020485630 0.000101539 0.999790192 3.997488260
0.999518216 -0.023854278 0.019855138 0.319422960 0.023855556 0.999715507 0.000172390 -0.004686991 -0.019853601 0.000301348 0.999802828 3.992533207
0.999565065 -0.021179719 0.020523250 0.320645392 0.021191809 0.999775350 -0.000371945 -0.003403855 -0.020510765 0.000806708 0.999789357 3.997414827
0.999430060 -0.025924684 0.021620436 0.319629461 0.025933638 0.999663651 -0.000133963 -0.004371260 -0.021609692 0.000694584 0.999766231 3.991335869
0.999485850 -0.024001721 0.021255916 0.315352887 0.024027223 0.999710798 -0.000944970 -0.005572610 -0.021227090 0.001455205 0.999773741 3.967180729
0.999491572 -0.025122402 0.019640947 0.308949560 0.025132798 0.999684155 -0.000282674 -0.009892439 -0.019627640 0.000776162 0.999807179 3.938775301
0.999480247 -0.024859028 0.020517979 0.309528381 0.024887949 0.999689639 -0.001155272 -0.008340889 -0.020482890 0.001665321 0.999788880 3.927369595
0.999528944 -0.022951473 0.020373853 0.296047866 0.022977948 0.999735415 -0.001066492 -0.011932967 -0.020343989 0.001534138 0.999791861 3.922087431
0.999464214 -0.023757776 0.022512557 0.285405517 0.023758791 0.999717712 0.000222379 -0.010537685 -0.022511484 0.000312611 0.999746561 3.927608013
0.999476671 -0.023237152 0.022504777 0.284891546 0.023260403 0.999729097 -0.000771829 -0.010097766 -0.022480747 0.001294895 0.999746442 3.925441504
0.999511838 -0.023378780 0.020725595 0.301432222 0.023378477 0.999726713 0.000257099 -0.010284301 -0.020725939 0.000227560 0.999785185 3.926599741
0.999441862 -0.026131868 0.020808825 0.300696909 0.026156658 0.999657333 -0.000919966 -0.011992821 -0.020777658 0.001463742 0.999783039 3.907980680
0.999423802 -0.026484877 0.021229055 0.298494667 0.026487436 0.999649048 0.000160903 -0.013393324 -0.021225868 0.000401492 0.999774635 3.906513453
0.999491572 -0.025210813 0.019522985 0.305790156 0.025197344 0.999682069 0.000935274 -0.012739867 -0.019540358 -0.000442871 0.999809027 3.912918568
0.999476910 -0.025175605 0.020303659 0.303170353 0.025158672 0.999682724 0.001088716 -0.013070792 -0.020324636 -0.000577333 0.999793231 3.903081894
0.999543667 -0.022181230 0.020506792 0.304638863 0.022188926 0.999754012 -0.000147952 -0.006896250 -0.020498458 0.000602909 0.999789715 3.899853706
0.999535263 -0.022156857 0.020936655 0.293393940 0.022177082 0.999753892 -0.000734395 -0.010636399 -0.020915233 0.001198367 0.999780536 3.872312784
0.999562144 -0.023658736 0.017771762 0.314653277 0.023668034 0.999719799 -0.000313061 -0.010272565 -0.017759379 0.000733547 0.999841988 3.887826681
0.999587417 -0.023512326 0.016498102 0.316927224 0.023518123 0.999723315 -0.000157013 -0.010137675 -0.016489848 0.000544953 0.999863803 3.882585526
0.999513865 -0.025333479 0.018171357 0.305882245 0.025367623 0.999676824 -0.001650883 -0.003619245 -0.018123664 0.002111045 0.999833465 3.867496490
0.999584019 -0.021463215 0.019262468 0.291264385 0.021500967 0.999767363 -0.001754429 -0.003525827 -0.019220330 0.002167861 0.999812901 3.848252296
0.999577224 -0.023008078 0.017778082 0.300565362 0.023048848 0.999732077 -0.002091478 -0.000701698 -0.017725199 0.002500358 0.999839783 3.850451469
0.999581218 -0.022639930 0.018022534 0.303708225 0.022658510 0.999743044 -0.000827297 -0.003761838 -0.017999172 0.001235315 0.999837160 3.854754448
0.999562800 -0.022890126 0.018715758 0.298388660 0.022928240 0.999735415 -0.001824281 0.004839471 -0.018669050 0.002252603 0.999823213 3.854081869
0.999568760 -0.022972688 0.018292859 0.288712144 0.022985697 0.999735653 -0.000501846 -0.009141451 -0.018276494 0.000922104 0.999832571 3.829570770
0.999624252 -0.022085221 0.016230641 0.316112816 0.022128088 0.999752104 -0.002466151 0.005751392 -0.016172158 0.002824378 0.999865234 3.849986553
0.999573886 -0.021146962 0.020127041 0.289595366 0.021154081 0.999776244 -0.000140747 -0.010927480 -0.020119566 0.000566456 0.999797404 3.833623648
0.999591649 -0.022149064 0.018054498 0.297528088 0.022139650 0.999754786 0.000720972 -0.009649938 -0.018066041 -0.000320958 0.999836624 3.829930782
0.999626219 -0.019579962 0.019079259 0.280557752 0.019561375 0.999808073 0.001160125 -0.017860537 -0.019098310 -0.000786474 0.999817193 3.815538883
0.999533355 -0.021077737 0.022112919 0.261673987 0.021028090 0.999775827 0.002475342 -0.025127463 -0.022160135 -0.002009194 0.999752402 3.791056156
0.999676645 -0.018332023 0.017623384 0.281054139 0.018353017 0.999831080 -0.001030478 -0.006220118 -0.017601514 0.001353587 0.999844074 3.805969238
0.999605238 -0.019467527 0.020256907 0.248596296 0.019474646 0.999810398 -0.000154655 -0.022803355 -0.020250052 0.000549090 0.999794722 3.767810345
0.999673426 -0.017141351 0.018949438 0.262600183 0.017149912 0.999852896 -0.000289421 -0.009099417 -0.018941693 0.000614308 0.999820352 3.763037443
0.999568105 -0.020534119 0.021022173 0.260320902 0.020539142 0.999789059 -0.000022852 -0.011808886 -0.021017268 0.000454619 0.999778986 3.769008875
0.999622822 -0.019942850 0.018880794 0.263171792 0.020005880 0.999794900 -0.003155315 -0.004616872 -0.018813992 0.003531850 0.999816895 3.736730337
0.999537170 -0.021221451 0.021797927 0.227033526 0.021257643 0.999773145 -0.001429960 -0.017620213 -0.021762641 0.001892671 0.999761343 3.718292236
0.999608040 -0.018812858 0.020727547 0.249537244 0.018831735 0.999822378 -0.000715961 -0.010808075 -0.020710401 0.001106017 0.999784827 3.749173880
0.999589384 -0.018001463 0.022290481 0.237460285 0.018015541 0.999837637 -0.000430963 -0.015350811 -0.022279106 0.000832362 0.999751449 3.736003876
0.999646068 -0.017264968 0.020238865 0.241024598 0.017263643 0.999850869 0.000240254 -0.021594975 -0.020240000 0.000109228 0.999795139 3.721775293
0.999663711 -0.017153919 0.019446950 0.244909137 0.017168241 0.999852359 -0.000569490 -0.012355275 -0.019434309 0.000903169 0.999810636 3.715576410
0.999600351 -0.018942088 0.020987373 0.236484051 0.018949317 0.999820530 -0.000145914 -0.017857743 -0.020980842 0.000543552 0.999779701 3.706901789
0.999671638 -0.017412808 0.018796558 0.249269828 0.017405542 0.999848306 0.000549907 -0.017204234 -0.018803282 -0.000222562 0.999823093 3.714524031
0.999632180 -0.017758444 0.020497954 0.239993304 0.017772090 0.999841928 -0.000483559 -0.017487343 -0.020486126 0.000847673 0.999789774 3.703552008
0.999603033 -0.019063817 0.020745957 0.244715169 0.019057285 0.999818265 0.000512755 -0.017389176 -0.020751964 -0.000117189 0.999784589 3.704819918
0.999625742 -0.017911257 0.020676559 0.245330423 0.017929882 0.999838948 -0.000715611 -0.016050391 -0.020660408 0.001086071 0.999785960 3.703404665
0.999629438 -0.019937057 0.018529559 0.247887433 0.019970775 0.999799252 -0.001636497 -0.015074125 -0.018493209 0.002005940 0.999826968 3.697250843
0.999651730 -0.017464373 0.019783193 0.227559954 0.017500443 0.999845505 -0.001651619 -0.017208824 -0.019751290 0.001997259 0.999802947 3.665736437
0.999564528 -0.021883002 0.019793181 0.239414409 0.021890013 0.999760389 -0.000137713 -0.018503474 -0.019785423 0.000570927 0.999804080 3.684969425
0.999649286 -0.018797906 0.018660106 0.237333566 0.018811554 0.999822855 -0.000556375 -0.019918188 -0.018646345 0.000907206 0.999825716 3.669901609
0.999581814 -0.019573897 0.021287246 0.219751269 0.019567151 0.999808431 0.000525137 -0.026885964 -0.021293443 -0.000108387 0.999773383 3.682833195
0.999666274 -0.018247154 0.018283924 0.239460528 0.018254340 0.999833465 -0.000226180 -0.017384818 -0.018276749 0.000559865 0.999832749 3.666249275
